
k =

   65.5766   55.6466  -35.5623    4.8813   89.4512   62.1322


cost =

  173.2511


k =

   65.5766   54.8966  -35.5623    4.7563   89.2012   62.3822


cost =

  173.4480


k =

   65.5766   55.3966  -35.5623    4.7563   89.2012   62.1322


cost =

  173.4116


k =

   65.5766   55.7716  -35.5623    5.2563   89.4512   61.8822


cost =

  173.4547


k =

   66.5766   55.3966  -35.3123    5.2563   87.7012   61.6322


cost =

  177.2048


k =

   65.5766   54.3966  -35.5623    6.2563   87.7012   61.6322


cost =

  176.2145


k =

    95    32   -91   -60    -6   -25


cost =

   20.2790


k =

   65.5766   54.3966  -34.5623   88.4213   88.7012   62.6322


cost =

   5.3555e+06


k =

   65.5766   75.1140  -35.5623    5.2563   87.7012   61.6322


cost =

  208.3204


k =

   65.5766   54.8966  -34.5623    3.2563   16.6131   62.6322


cost =

  981.5792


k =

   65.5766   55.3966  -35.5623    5.2563   88.7012   61.6322


cost =

  173.9984


k =

   65.5766   55.3966  -35.5623    5.2563   88.7012   61.6322


cost =

  173.9984


k =

   66.0766   55.3966  -34.5623    3.2563   16.6131   62.1322


cost =

  994.7751


k =

   66.0766   54.3966  -33.5623    3.2563   16.6131   62.1322


cost =

  964.9943


k =

   66.0766   54.3966  -35.5623    5.2563   16.6131   61.6322


cost =

  897.4761


k =

   100   100   100   100   100   100


cost =

   1.0814e+05


k =

  -100  -100  -100  -100  -100  -100


cost =

   2.3470e+05


k =

    50    50    50    50    50    50


cost =

   1.2578e+06


k =

   -50   -50   -50   -50   -50   -50


cost =

   1.0497e+05


k =

   100   100  -100  -100  -100  -100


cost =

   1.9637e+04


k =

    95    32   -91   -60    -6   -25


cost =

   20.2790


k =

   50.0000   50.0000  -34.5623   50.0000   16.6131   62.6322


cost =

   8.3360e+05


k =

   100   -50   -50  -100  -100  -100


cost =

   7.6479e+04


k =

   65.5766   54.8966  -35.5623    4.8813   89.2012   62.3822


cost =

  173.4884


k =

   65.5766   55.7716  -35.5623  -60.0000   89.4512  -25.0000


cost =

   1.0180e+05


k =

   -50   100   -50   100   100   100


cost =

   1.5123e+07


k =

   65.5766   55.3966  -33.5623    3.2563   16.6131   62.1322


cost =

  965.7716


k =

   65.5766   32.0000  -35.5623  -60.0000   87.7012   61.6322


cost =

   1.3404e+06


k =

   65.5766   55.3966  -35.5623    4.7563   89.2012   62.1322


cost =

  173.4116


k =

   66.0766   54.3966  -35.5623    5.2563   16.6131   61.6322


cost =

  897.4761


k =

   65.5766 -100.0000 -100.0000    5.2563   88.7012   61.6322


cost =

   9.6782e+06


k =

   66.0766   55.3966  -34.5623    3.2563   16.6131   62.1322


cost =

  994.7751


k =

   65.5766   32.0000  -34.5623  -60.0000   88.7012  -25.0000


cost =

   7.9085e+04


k =

   65.5766   55.3966  -35.5623    4.8813   89.4512   62.1322


cost =

  173.2514


k =

   65.5766   32.0000  -35.5623    4.8813   89.4512  -25.0000


cost =

   5.5779e+05


k =

   65.5766   54.3966  -35.5623    6.2563   88.7012   61.6322


cost =

  175.6328


k =

   66.5766   55.3966  -35.5623    4.7563   89.2012   62.1322


cost =

  175.6327


k =

   66.5766   76.1140  -36.5623    6.2563   87.7012   62.6322


cost =

  198.0458


k =

   66.5766   55.7716  -35.5623    5.2563   90.4512   61.8822


cost =

  174.3650


k =

   66.5766   55.3966  -35.3123    4.2563   87.7012   61.6322


cost =

  178.1800


k =

   65.5766   54.3966  -35.5623    5.2563   90.4512   61.8822


cost =

  173.0769


k =

   66.0766   55.3966  -50.0000    3.2563   16.6131   62.1322


cost =

   2.6697e+03


k =

   66.5766   76.1140  -36.5623    4.7563   89.2012   62.6322


cost =

  212.7511


k =

   65.5766   54.8966  -35.5623    4.8813   89.2012  -25.0000


cost =

   3.1051e+05


k =

   65.5766  100.0000  -50.0000  100.0000  100.0000  100.0000


cost =

   7.1244e+06


k =

   65.5766   55.3966  -33.5623    4.7563   89.2012   62.1322


cost =

  175.1651


k =

   65.5766 -100.0000  -35.5623    4.7563   88.7012   62.1322


cost =

   3.3861e+06


k =

   95.0000   54.8966  -91.0000    4.8813   -6.0000   62.3822


cost =

   1.6422e+06


k =

   65.5766   54.3966  -35.5623    5.2563   88.7012   61.8822


cost =

  174.2048


k =

   66.5766   55.3966  -35.3123  -60.0000   87.7012   61.6322


cost =

   3.3723e+04


k =

   65.5766   50.0000  -35.5623   50.0000   89.4512   62.6322


cost =

   3.5360e+06


k =

   65.5766   55.3966  -35.5623    4.8813   89.2012   62.1322


cost =

  173.4385


k =

   65.5766   32.0000  -35.3123    4.8813   89.4512  -25.0000


cost =

   5.5743e+05


k =

   65.5766   32.0000  -91.0000  -60.0000   -6.0000  -25.0000


cost =

   1.4526e+05


k =

   66.0766   55.3966  -35.5623    5.2563   16.6131   62.1322


cost =

  887.5730


k =

   65.5766   56.3966  -35.5623    4.7563   89.2012   62.1322


cost =

  173.5039


k =

   65.5766   55.3966  -34.5623    4.8813   88.4512   63.1322


cost =

  174.8955


k =

   66.5766   33.0000  -34.5623  -60.0000   89.7012  -24.0000


cost =

   7.7610e+04


k =

   65.5766   56.3966  -35.5623    5.7563   89.2012   61.1322


cost =

  174.2485


k =

   66.5766   33.0000  -34.5623  -60.0000   89.7012  -24.0000


cost =

   7.7610e+04


k =

   65.5766   54.3966  -35.5623    5.7563   89.2012   61.8822


cost =

  174.5102


k =

   95.0000   32.0000  -91.0000    4.8813   -6.0000  -25.0000


cost =

   6.2459e+04


k =

   65.5766   32.0000  -91.0000  -60.0000   89.2012   62.1322


cost =

   3.2178e+06


k =

   66.5766   55.3966  -35.5623    4.8813   89.2012   62.1322


cost =

  175.5623


k =

   65.5766   56.3966  -50.0000    4.7563  100.0000  100.0000


cost =

   2.3708e+05


k =

   66.0766   55.3966  -91.0000    3.2563   16.6131   62.1322


cost =

   5.8675e+05


k =

   65.5766   55.3966  -34.5623  -60.0000   -6.0000  -25.0000


cost =

   1.9919e+04


k =

   65.5766   54.3966  -35.5623    4.7563   88.7012   61.8822


cost =

  173.9801


k =

   66.5766   55.3966  -36.5623    4.7563   89.2012   62.6322


cost =

  174.6771


k =

   65.5766   54.3966  -35.5623    4.7563   90.4512   61.8822


cost =

  172.6100


k =

   66.5766   55.3966  -35.5623  -60.0000   89.2012  -25.0000


cost =

   1.0285e+05


k =

   65.5766   55.3966  -35.5623    4.8813   16.6131   62.1322


cost =

  906.2067


k =

   66.5766   50.0000  -35.5623  -60.0000   89.4512  -24.0000


cost =

   9.4128e+04


k =

   65.5766   56.3966  -35.5623    4.8813   89.2012   62.1322


cost =

  173.4749


k =

   94.5000   32.0000  -91.0000  -60.0000   -6.0000  -25.0000


cost =

   9.3076e+03


k =

   66.0766   54.6466  -35.3123    5.7563   90.7012   62.1322


cost =

  174.4039


k =

   65.8266   32.2500  -90.7500  -60.5000   -6.0000  -24.5000


cost =

   9.5122e+05


k =

   66.0766   55.8966  -33.0623    5.0063   89.7012   62.1322


cost =

  176.0979


k =

   65.5766   54.3966  -35.3123    4.7563   90.7012   62.1322


cost =

  172.6270


k =

   66.5766   55.3966  -36.5623    4.7563   -6.0000   62.6322


cost =

   4.6874e+03


k =

   65.5766   32.0000  -91.0000  -60.0000  100.0000  -25.0000


cost =

   3.4244e+06


k =

   95.0000   55.3966  -91.0000    4.8813   -6.0000   62.1322


cost =

   3.2403e+05


k =

   66.0766   54.3966  -91.0000    4.7563   88.7012   62.1322


cost =

   5.2616e+06


k =

   66.5766   32.0000  -35.5623  -60.0000   89.4512  -25.0000


cost =

   7.8547e+04


k =

   95.0000   54.3966  -91.0000  -60.0000   89.2012   61.8822


cost =

   4.1310e+06


k =

   66.5766   55.3966  -35.5623    4.8813   16.6131   62.1322


cost =

  918.9523


k =

   66.0766   54.6466  -33.0623    5.7563   89.7012   62.1322


cost =

  177.3552


k =

   65.5766   33.0000  -35.5623  -60.0000   89.7012   61.8822


cost =

   7.8026e+05


k =

   65.8266   56.3966  -35.5623  -60.5000   89.2012  -24.5000


cost =

   1.0427e+05


k =

   65.5766   54.3966  -35.5623    4.7563   89.2012   61.8822


cost =

  173.5405


k =

   94.5000   32.0000  -91.0000  -60.0000   -6.0000  -25.0000


