k =

  Columns 1 through 4

   65.5766   54.3966  -35.5623   11.0532

  Columns 5 through 6

   86.7012   61.6322


cost =

  335.0222


k =

  Columns 1 through 4

   65.5766   54.3966  -35.5623    5.7563

  Columns 5 through 6

   86.7012   62.6322


cost =

  302.9342


k =

  Columns 1 through 4

   65.5766   75.6140  -34.5623  -76.6123

  Columns 5 through 6

   86.7012   61.6322


cost =

   4.8707e+04


k =

  Columns 1 through 4

   65.5766   54.3966  -35.5623   90.5166

  Columns 5 through 6

   86.7012   61.6322


cost =

   4.3566e+07


k =

  Columns 1 through 4

   65.5766   54.3966  -35.5623    4.7563

  Columns 5 through 6

   86.9512   61.6322


cost =

  301.9938


k =

  Columns 1 through 4

   65.5766   54.3966  -35.5623  -20.4586

  Columns 5 through 6

   86.7012   61.6322


cost =

   1.8055e+07


k =

  Columns 1 through 4

   65.5766   54.3966  -35.5623   88.4213

  Columns 5 through 6

   87.7012   61.6322


cost =

   4.2396e+07


k =

  Columns 1 through 4

   64.5766  -88.6900  -35.5623   11.0532

  Columns 5 through 6

   86.7012   61.6322


cost =

   2.6649e+07


k =

  Columns 1 through 4

   65.5766   54.3966  -35.5623   -0.1772

  Columns 5 through 6

   86.7012   62.6322


cost =

  360.4933


k =

  Columns 1 through 4

   65.5766   54.3966  -34.5623    5.2563

  Columns 5 through 6

   87.7012   62.6322


cost =

  301.9159


k =

  Columns 1 through 4

   65.5766   54.3966  -35.5623    5.2563

  Columns 5 through 6

   87.7012   61.6322


cost =

  301.2173


k =

  Columns 1 through 4

   65.5766   54.3966  -34.5623    5.2563

  Columns 5 through 6

   87.7012   62.6322


cost =

  301.9159


k =

  Columns 1 through 4

   66.5766   76.6140  -35.5623  -77.6123

  Columns 5 through 6

   85.7012   63.6322


cost =

   5.2702e+04


k =

  Columns 1 through 4

   65.5766   55.3966  -35.5623    4.7563

  Columns 5 through 6

   86.7012   61.6322


cost =

  302.1806


k =

  Columns 1 through 4

   65.5766   55.3966  -35.5623   11.5532

  Columns 5 through 6

   16.6131   61.6322


cost =

   1.9022e+03


k =

  Columns 1 through 4

   66.5766   55.3966  -35.5623    4.7563

  Columns 5 through 6

   86.9512   62.6322


cost =

  304.3301


k =

  Columns 1 through 4

   65.5766   54.3966  -35.5623    5.2563

  Columns 5 through 6

   86.9512   61.6322


cost =

  302.0300


k =

  Columns 1 through 4

   65.5766   75.6140  -34.5623    5.2563

  Columns 5 through 6

   87.7012   61.6322


cost =

  341.1281


k =

  Columns 1 through 4

   65.5766   54.3966  -35.5623   88.4213

  Columns 5 through 6

   87.7012   61.6322


cost =

   4.2396e+07


k =

  Columns 1 through 4

   65.5766   54.3966  -35.5623    4.2563

  Columns 5 through 6

   16.6131   61.6322


cost =

   2.2409e+03


k =

  Columns 1 through 4

   65.5766   55.3966  -35.5623    5.2563

  Columns 5 through 6

   86.9512   61.6322


cost =

  301.7173


k =

  Columns 1 through 4

   65.5766   54.3966  -35.5623    5.2563

  Columns 5 through 6

   86.7012   61.6322


cost =

  302.3066


k =

  Columns 1 through 4

   65.5766   54.3966  -34.5623    5.2563

  Columns 5 through 6

   87.7012   62.6322


cost =

  301.9159


k =

  Columns 1 through 4

   65.5766   54.3966  -35.5623  -76.6123

  Columns 5 through 6

   86.7012   61.6322


cost =

   4.4896e+04


k =

  Columns 1 through 4

   64.5766  -88.6900  -35.5623   11.0532

  Columns 5 through 6

   86.7012   61.6322


cost =

   2.6649e+07


k =

  Columns 1 through 4

   65.5766   54.3966  -35.5623    5.7563

  Columns 5 through 6

   86.7012   62.6322


cost =

  302.9342


k =

  Columns 1 through 4

   65.5766   54.3966  -35.5623   11.0532

  Columns 5 through 6

   87.7012   61.6322


cost =

  341.1349


k =

  Columns 1 through 4

   65.5766  -88.6900  -35.5623   11.0532

  Columns 5 through 6

   86.7012   61.6322


cost =

   1.6197e+07


k =

  Columns 1 through 4

   65.5766   54.3966  -35.5623    5.2563

  Columns 5 through 6

   85.7012   63.6322


cost =

  303.9295


k =

  Columns 1 through 4

   65.5766   54.3966  -35.5623    5.2563

  Columns 5 through 6

   87.7012   61.6322


cost =

  301.2173


k =

  Columns 1 through 4

   65.5766   54.3966  -35.5623   -0.1772

  Columns 5 through 6

   86.7012   61.6322


cost =

  370.3366


k =

  Columns 1 through 4

   65.5766   55.3966  -34.5623    4.2563

  Columns 5 through 6

   88.7012   62.6322


cost =

  300.3711


k =

  Columns 1 through 4

   65.5766   54.3966  -35.5623    5.2563

  Columns 5 through 6

   88.7012   61.6322


cost =

  300.2090


k =

  Columns 1 through 4

   66.5766   55.3966  -35.5623   11.0532

  Columns 5 through 6

   85.7012   62.6322


cost =

  325.5015


k =

  Columns 1 through 4

   65.5766   53.3966  -34.5623    6.2563

  Columns 5 through 6

   87.7012   62.6322


cost =

  304.4035


k =

  Columns 1 through 4

   65.5766   54.3966  -35.5623    5.2563

  Columns 5 through 6

   87.7012   61.6322


cost =

  301.2173


k =

  Columns 1 through 4

   65.5766   54.3966  -35.5623    5.2563

  Columns 5 through 6

   87.7012   61.6322


cost =

  301.2173


k =

  Columns 1 through 4

   65.5766   53.3966  -35.5623    6.2563

  Columns 5 through 6

   87.7012   61.6322


cost =

  303.1642


k =

  Columns 1 through 4

   65.5766  -88.6900  -35.5623    5.2563

  Columns 5 through 6

   87.7012   61.6322


cost =

   2.6661e+07


k =

  Columns 1 through 4

   65.5766   54.3966  -35.5623    4.2563

  Columns 5 through 6

   16.6131   61.6322


cost =

   2.2409e+03


k =

  Columns 1 through 4

   64.5766  -88.6900  -34.5623    4.2563

  Columns 5 through 6

   86.7012   62.6322


cost =

   2.6761e+07


k =

  Columns 1 through 4

   65.5766   75.6140  -35.5623    5.2563

  Columns 5 through 6

   87.7012   61.6322


cost =

  342.3514


k =

  Columns 1 through 4

   65.5766   54.3966  -35.5623   -0.1772

  Columns 5 through 6

   88.7012   61.6322


cost =

  361.4076


k =

  Columns 1 through 4

   65.5766   55.3966  -34.5623    4.2563

  Columns 5 through 6

   88.7012   62.6322


cost =

  300.3711


k =

  Columns 1 through 4

   65.5766   54.3966  -34.5623    5.2563

  Columns 5 through 6

   86.9512   61.6322


cost =

  302.5274


k =

  Columns 1 through 4

   65.5766   54.3966  -35.5623    5.7563

  Columns 5 through 6

   86.7012   61.6322


cost =

  302.6241


k =

  Columns 1 through 4

   65.5766   54.3966  -35.5623    5.2563

  Columns 5 through 6

   86.9512   61.6322


cost =

  302.0300


k =

  Columns 1 through 4

   65.5766   54.3966  -35.5623    5.2563

  Columns 5 through 6

   87.7012   63.6322


cost =

  301.6914


k =

  Columns 1 through 4

   65.5766   55.3966  -35.5623   11.0532

  Columns 5 through 6

   88.7012   62.6322


cost =

  349.7440


k =

  Columns 1 through 4

   65.5766   53.3966  -34.5623    4.2563

  Columns 5 through 6

   88.7012   62.6322


cost =

  301.0215


k =

  Columns 1 through 4

   66.5766   54.3966  -35.5623    4.2563

  Columns 5 through 6

   86.7012   61.6322


cost =

  305.6719


k =

  Columns 1 through 4

   66.5766   54.3966  -35.5623   88.4213

  Columns 5 through 6

   87.7012   61.6322


cost =

   4.5069e+07


k =

  Columns 1 through 4

   66.5766   55.3966  -35.5623    6.2563

  Columns 5 through 6

   87.9512   61.6322


cost =

  303.3371


k =

  Columns 1 through 4

   65.5766   54.3966  -35.5623   10.0532

  Columns 5 through 6

   87.7012   61.6322


cost =

  324.4668


k =

  Columns 1 through 4

   65.5766   54.3966  -34.5623    5.2563

  Columns 5 through 6

   87.7012   61.6322


cost =

  301.7244


k =

  Columns 1 through 4

   65.5766   54.3966  -35.5623    4.2563

  Columns 5 through 6

   87.7012   61.6322


cost =

  301.3817


k =

  Columns 1 through 4

   65.5766  -88.6900  -34.5623    4.2563

  Columns 5 through 6

   86.7012   62.6322


cost =

   2.6303e+07


k =

  Columns 1 through 4

   65.5766   54.3966  -35.5623   10.0532

  Columns 5 through 6

   87.7012   61.6322


cost =

  324.4668


