98.2930   32.8398  -90.3125  -58.7344   -5.6602  -24.8984
k GA 2


klqr =

  109.2144    4.1050 -129.0179  -19.5781   -2.8301   -4.9797